[Data]
DataCount=1

[Data_1]
Comment=Comment
DataCount=8
Enabled=true
Name=Mouse Gestures
SystemGroup=0
Type=ACTION_DATA_GROUP

[Data_1Conditions]
Comment=
ConditionsCount=0

[Data_1_1]
Comment=Comment
Enabled=true
Name=Close Tab
Type=SIMPLE_ACTION_DATA

[Data_1_1Actions]
ActionsCount=1

[Data_1_1Actions0]
DestinationWindow=0
Input=Ctrl+W
Type=KEYBOARD_INPUT

[Data_1_1Conditions]
Comment=
ConditionsCount=0

[Data_1_1Triggers]
Comment=Simple_action
TriggersCount=1

[Data_1_1Triggers0]
GesturePointData=0,0.00414368,0.5,0,0.0783582,0.00414368,0.0165747,0.5,0,0.0858209,0.0207184,0.00828737,0.5,0,0.115672,0.0290058,0.0124311,0.5,0,0.130597,0.0414368,0.0207184,0.5,0,0.152985,0.0621553,0.0207184,0.5,0,0.190299,0.0828737,0.0165747,0.5,0,0.227612,0.0994484,0.0207184,0.5,0,0.257463,0.120167,0.0248621,0.5,0,0.294776,0.145029,0.025205,0.447432,0,0.339552,0.170234,0.0207184,0.5,0.00746269,0.384328,0.190952,0.0211287,0.437167,0.00746269,0.421642,0.212081,0.0170848,0.422021,0.0149254,0.458955,0.229166,0.0165747,0.5,0.0223881,0.488806,0.245741,0.0165747,0.5,0.0223881,0.518657,0.262315,0.0170848,0.422021,0.0223881,0.548507,0.2794,0.0124311,0.5,0.0298507,0.578358,0.291831,0.00926556,0.352416,0.0298507,0.600746,0.301097,0.0124311,0.5,0.0373134,0.615672,0.313528,0.0165747,0.5,0.0373134,0.63806,0.330103,0.00414368,0.5,0.0373134,0.66791,0.334246,0.00828737,0.5,0.0373134,0.675373,0.342534,0.00414368,0.5,0.0373134,0.690299,0.346677,0.00828737,0.5,0.0373134,0.697761,0.354965,0.00414368,0.5,0.0373134,0.712687,0.359109,0.00828737,0.5,0.0373134,0.720149,0.367396,0.00414368,0.5,0.0373134,0.735075,0.37154,0,0,0.0373134,0.742537,0.37154,0.00414368,0.5,0.0373134,0.742537,0.375683,0.00414368,0.5,0.0373134,0.75,0.379827,0.00414368,0.5,0.0373134,0.757463,0.383971,0.00414368,0.5,0.0373134,0.764925,0.388114,0.00414368,0.5,0.0373134,0.772388,0.392258,0,0,0.0373134,0.779851,0.392258,0.00414368,0.5,0.0373134,0.779851,0.396402,0.00414368,0.5,0.0373134,0.787313,0.400545,0,0,0.0373134,0.794776,0.400545,0.00414368,0.5,0.0373134,0.794776,0.404689,0.00586005,0.25,0.0373134,0.802239,0.410549,0,0,0.0447761,0.809701,0.410549,0.00414368,0.5,0.0447761,0.809701,0.414693,0.00414368,0.5,0.0447761,0.817164,0.418836,0.00414368,0.5,0.0447761,0.824627,0.42298,0.00414368,0.5,0.0447761,0.83209,0.427124,0.00414368,0.5,0.0447761,0.839552,0.431268,0.00414368,0.5,0.0447761,0.847015,0.435411,0.00414368,0.5,0.0447761,0.854478,0.439555,0.00828737,0.5,0.0447761,0.86194,0.447842,0.00414368,0.5,0.0447761,0.876866,0.451986,0.00414368,0.5,0.0447761,0.884328,0.45613,0.00414368,0.5,0.0447761,0.891791,0.460273,0.00414368,0.5,0.0447761,0.899254,0.464417,0.00414368,0,0.0447761,0.906716,0.468561,0.00414368,0.5,0.0522388,0.906716,0.472704,0,0,0.0522388,0.914179,0.472704,0.00828737,0,0.0522388,0.914179,0.480992,0.00414368,0,0.0671642,0.914179,0.485135,0.00828737,0,0.0746269,0.914179,0.493423,0.00828737,0,0.0895522,0.914179,0.50171,0.0207184,0,0.104478,0.914179,0.522429,0.0165747,0,0.141791,0.914179,0.539003,0.0248621,0,0.171642,0.914179,0.563865,0.0293003,-0.0451672,0.216418,0.914179,0.593166,0.0207184,0,0.268657,0.906716,0.613884,0.0290058,0,0.30597,0.906716,0.64289,0.0290058,0,0.358209,0.906716,0.671896,0.0290058,0,0.410448,0.906716,0.700901,0.0248621,0,0.462687,0.906716,0.725764,0.0290058,0,0.507463,0.906716,0.754769,0.025205,0.0525685,0.559701,0.906716,0.779974,0.0248621,0,0.604478,0.914179,0.804837,0.0248621,0,0.649254,0.914179,0.829699,0.0211287,0.062833,0.69403,0.914179,0.850827,0.0207184,0,0.731343,0.921642,0.871546,0.0165747,0,0.768657,0.921642,0.888121,0.0165747,0,0.798507,0.921642,0.904695,0.00828737,0,0.828358,0.921642,0.912983,0.0124311,0,0.843284,0.921642,0.925414,0.0124311,0,0.865672,0.921642,0.937845,0.00828737,0,0.88806,0.921642,0.946132,0.00828737,0,0.902985,0.921642,0.954419,0.00414368,0,0.91791,0.921642,0.958563,0.00828737,0,0.925373,0.921642,0.966851,0.00414368,0,0.940299,0.921642,0.970994,0,0,0.947761,0.921642,0.970994,0.00414368,0,0.947761,0.921642,0.975138,0.00828737,0,0.955224,0.921642,0.983425,0.00414368,0,0.970149,0.921642,0.987569,0.00414368,0,0.977612,0.921642,0.991713,0.00414368,0,0.985075,0.921642,0.995856,0.00414368,0,0.992537,0.921642
Type=GESTURE

[Data_1_2]
Comment=Comment
Enabled=true
Name=New Tab
Type=SIMPLE_ACTION_DATA

[Data_1_2Actions]
ActionsCount=1

[Data_1_2Actions0]
DestinationWindow=0
Input=Ctrl+T
Type=KEYBOARD_INPUT

[Data_1_2Conditions]
Comment=
ConditionsCount=0

[Data_1_2Triggers]
Comment=Simple_action
TriggersCount=1

[Data_1_2Triggers0]
GesturePointData=0,0.00514964,0.5,1,0.121739,0.00514964,0.00514964,0.5,1,0.130435,0.0102993,0,0,1,0.13913,0.0102993,0.0154489,0.5,1,0.13913,0.0257482,0.0102993,0.5,1,0.165217,0.0360475,0.0154489,0.5,1,0.182609,0.0514964,0.0154489,0.5,1,0.208696,0.0669454,0.0257482,0.5,1,0.234783,0.0926936,0.0257482,0.5,1,0.278261,0.118442,0.0257482,0.5,1,0.321739,0.14419,0.0360475,0.5,1,0.365217,0.180238,0.0257482,0.5,1,0.426087,0.205986,0.0308979,0.5,1,0.469565,0.236884,0.0308979,0.5,1,0.521739,0.267781,0.0205986,0.5,1,0.573913,0.28838,0.0205986,0.5,1,0.608696,0.308979,0.0154489,0.5,1,0.643478,0.324428,0.0154489,0.5,1,0.669565,0.339877,0.0205986,0.5,1,0.695652,0.360475,0.00514964,0.5,1,0.730435,0.365625,0.0102993,0.5,1,0.73913,0.375924,0,0,1,0.756522,0.375924,0.0102993,0.5,1,0.756522,0.386223,0.00514964,0.5,1,0.773913,0.391373,0,0,1,0.782609,0.391373,0.0072827,0.75,1,0.782609,0.398656,0.00514964,0.5,0.991304,0.791304,0.403805,0.0072827,0.75,0.991304,0.8,0.411088,0.0072827,0.75,0.982609,0.808696,0.418371,0.011515,0.852416,0.973913,0.817391,0.429886,0.0072827,0.75,0.956522,0.826087,0.437168,0.011515,0.852416,0.947826,0.834783,0.448683,0.011515,0.852416,0.930435,0.843478,0.460198,0.011515,0.852416,0.913043,0.852174,0.471713,0.00514964,1,0.895652,0.86087,0.476863,0.0102993,1,0.886957,0.86087,0.487162,0.0162846,0.897584,0.869565,0.86087,0.503447,0.0154489,1,0.843478,0.869565,0.518896,0.011515,0.852416,0.817391,0.869565,0.530411,0.0154489,1,0.8,0.878261,0.54586,0.0154489,1,0.773913,0.878261,0.561308,0.0154489,1,0.747826,0.878261,0.576757,0.0154489,1,0.721739,0.878261,0.592206,0.0411972,1,0.695652,0.878261,0.633403,0.0411972,1,0.626087,0.878261,0.674601,0.0308979,1,0.556522,0.878261,0.705499,0.0364135,-0.954833,0.504348,0.878261,0.741912,0.046632,-0.964777,0.443478,0.869565,0.788544,0.0514964,1,0.365217,0.86087,0.84004,0.0415178,-0.960417,0.278261,0.86087,0.881558,0.0360475,1,0.208696,0.852174,0.917606,0.0308979,1,0.147826,0.852174,0.948504,0.0257482,1,0.0956522,0.852174,0.974252,0.0154489,1,0.0521739,0.852174,0.989701,0.00514964,1,0.026087,0.852174,0.99485,0.00514964,1,0.0173913,0.852174
Type=GESTURE

[Data_1_3]
Comment=Comment
Enabled=true
Name=Previous Tab
Type=SIMPLE_ACTION_DATA

[Data_1_3Actions]
ActionsCount=1

[Data_1_3Actions0]
DestinationWindow=0
Input=Ctrl+Shift+Tab
Type=KEYBOARD_INPUT

[Data_1_3Conditions]
Comment=
ConditionsCount=0

[Data_1_3Triggers]
Comment=Simple_action
TriggersCount=1

[Data_1_3Triggers0]
GesturePointData=0,0.00675074,1,1,0.535714,0.00675074,0.0337537,1,0.993506,0.535714,0.0405045,0.0213477,-0.897584,0.961039,0.535714,0.0618522,0.0405045,1,0.941558,0.529221,0.102357,0.0405045,1,0.902597,0.529221,0.142861,0.0491462,-0.911414,0.863636,0.529221,0.192007,0.0640432,-0.897584,0.818182,0.516234,0.25605,0.0675074,1,0.75974,0.496753,0.323558,0.0812897,-0.973535,0.694805,0.496753,0.404848,0.0812897,-0.973535,0.616883,0.49026,0.486137,0.0880189,-0.975563,0.538961,0.483766,0.574156,0.0947512,-0.977302,0.454545,0.477273,0.668907,0.0810089,1,0.363636,0.470779,0.749916,0.0745644,-0.971142,0.285714,0.470779,0.824481,0.0742582,1,0.214286,0.464286,0.898739,0.0540059,1,0.142857,0.464286,0.952745,0.0472552,1,0.0909091,0.464286
Type=GESTURE

[Data_1_4]
Comment=Comment
Enabled=true
Name=Next Tab
Type=SIMPLE_ACTION_DATA

[Data_1_4Actions]
ActionsCount=1

[Data_1_4Actions0]
DestinationWindow=0
Input=Ctrl+Tab
Type=KEYBOARD_INPUT

[Data_1_4Conditions]
Comment=
ConditionsCount=0

[Data_1_4Triggers]
Comment=Simple_action
TriggersCount=1

[Data_1_4Triggers0]
GesturePointData=0,0.0409294,0,0,0.496241,0.0409294,0.0327435,0,0.037594,0.496241,0.073673,0.0337513,0.0779791,0.0676692,0.496241,0.107424,0.0409294,0,0.0977444,0.503759,0.148354,0.0409294,0,0.135338,0.503759,0.189283,0.0491153,0,0.172932,0.503759,0.238398,0.0573012,0,0.218045,0.503759,0.2957,0.073673,0,0.270677,0.503759,0.369373,0.073673,0,0.338346,0.503759,0.443045,0.0818588,0,0.406015,0.503759,0.524904,0.0900447,0,0.481203,0.503759,0.614949,0.106731,-0.0244373,0.56391,0.503759,0.72168,0.0982306,0,0.661654,0.496241,0.819911,0.0900447,0,0.75188,0.496241,0.909955,0.0900447,0,0.834586,0.496241
Type=GESTURE

[Data_1_5]
Comment=Comment
Enabled=true
Name=Undo Closing Tab
Type=SIMPLE_ACTION_DATA

[Data_1_5Actions]
ActionsCount=1

[Data_1_5Actions0]
DestinationWindow=0
Input=Ctrl+Shift+T
Type=KEYBOARD_INPUT

[Data_1_5Conditions]
Comment=
ConditionsCount=0

[Data_1_5Triggers]
Comment=Simple_action
TriggersCount=1

[Data_1_5Triggers0]
GesturePointData=0,0,0,0.775281,1,0,0.00653243,-0.5,0.775281,1,0.00653243,0.00923825,-0.25,0.775281,0.988764,0.0157707,0.00653243,-0.5,0.786517,0.977528,0.0223031,0.00653243,-0.5,0.786517,0.966292,0.0288355,0.00653243,-0.5,0.786517,0.955056,0.035368,0.014607,-0.352416,0.786517,0.94382,0.0499749,0.00653243,-0.5,0.797753,0.921348,0.0565074,0.0195973,-0.5,0.797753,0.910112,0.0761046,0.00653243,-0.5,0.797753,0.876404,0.0826371,0.014607,-0.352416,0.797753,0.865169,0.097244,0.0195973,-0.5,0.808989,0.842697,0.116841,0.014607,-0.352416,0.808989,0.808989,0.131448,0.0206574,-0.397584,0.820225,0.786517,0.152106,0.014607,-0.352416,0.831461,0.752809,0.166713,0.0206574,-0.397584,0.842697,0.730337,0.18737,0.0130649,-0.5,0.853933,0.696629,0.200435,0.0269339,-0.422021,0.853933,0.674157,0.227369,0.0130649,-0.5,0.865169,0.629213,0.240434,0.0292139,-0.352416,0.865169,0.606742,0.269647,0.0195973,-0.5,0.88764,0.561798,0.289245,0.0195973,-0.5,0.88764,0.52809,0.308842,0.0195973,-0.5,0.88764,0.494382,0.328439,0.0195973,-0.5,0.88764,0.460674,0.348037,0.0130649,-0.5,0.88764,0.426966,0.361102,0.0130649,-0.5,0.88764,0.404494,0.374166,0.0130649,-0.5,0.88764,0.382022,0.387231,0.0130649,-0.5,0.88764,0.359551,0.400296,0.0130649,-0.5,0.88764,0.337079,0.413361,0.0130649,-0.5,0.88764,0.314607,0.426426,0.00653243,-0.5,0.88764,0.292135,0.432958,0.00653243,-0.5,0.88764,0.280899,0.439491,0.0130649,-0.5,0.88764,0.269663,0.452556,0.00653243,-0.5,0.88764,0.247191,0.459088,0.00653243,-0.5,0.88764,0.235955,0.46562,0.00653243,-0.5,0.88764,0.224719,0.472153,0.014607,-0.647584,0.88764,0.213483,0.48676,0.00653243,-0.5,0.876404,0.191011,0.493292,0.00653243,-0.5,0.876404,0.179775,0.499825,0.00653243,-0.5,0.876404,0.168539,0.506357,0.00653243,1,0.876404,0.157303,0.512889,0.0130649,-0.5,0.865169,0.157303,0.525954,0.00653243,1,0.865169,0.134831,0.532487,0.00653243,-0.5,0.853933,0.134831,0.539019,0.00653243,-0.5,0.853933,0.123596,0.545552,0.00923825,-0.75,0.853933,0.11236,0.55479,0,0,0.842697,0.101124,0.55479,0.00923825,-0.75,0.842697,0.101124,0.564028,0.00653243,-0.5,0.831461,0.0898876,0.570561,0.00923825,-0.75,0.831461,0.0786517,0.579799,0.00653243,-0.5,0.820225,0.0674157,0.586331,0.00653243,1,0.820225,0.0561798,0.592864,0.00923825,-0.75,0.808989,0.0561798,0.602102,0.00923825,-0.75,0.797753,0.0449438,0.61134,0.00653243,1,0.786517,0.0337079,0.617873,0.00923825,-0.75,0.775281,0.0337079,0.627111,0.0130649,1,0.764045,0.0224719,0.640176,0.0195973,1,0.741573,0.0224719,0.659773,0.0195973,1,0.707865,0.0224719,0.67937,0.0261297,1,0.674157,0.0224719,0.7055,0.0397352,-0.947432,0.629213,0.0224719,0.745235,0.0326621,1,0.561798,0.011236,0.777897,0.0391946,1,0.505618,0.011236,0.817092,0.045727,1,0.438202,0.011236,0.862819,0.0326621,1,0.359551,0.011236,0.895481,0.0326621,1,0.303371,0.011236,0.928143,0.0261297,1,0.247191,0.011236,0.954273,0.0261297,1,0.202247,0.011236,0.980403,0.0130649,1,0.157303,0.011236,0.993468,0.00653243,1,0.134831,0.011236
Type=GESTURE

[Data_1_6]
Comment=Comment
Enabled=true
Name=Page Up
Type=SIMPLE_ACTION_DATA

[Data_1_6Actions]
ActionsCount=1

[Data_1_6Actions0]
DestinationWindow=0
Input=Page Up
Type=KEYBOARD_INPUT

[Data_1_6Conditions]
Comment=
ConditionsCount=0

[Data_1_6Triggers]
Comment=Simple_action
TriggersCount=1

[Data_1_6Triggers0]
GesturePointData=0,0.0124186,-0.5,0.52439,1,0.0124186,0.0248371,-0.5,0.52439,0.987805,0.0372557,0.0372557,-0.5,0.52439,0.963415,0.0745113,0.0372557,-0.5,0.52439,0.926829,0.111767,0.0620928,-0.5,0.52439,0.890244,0.17386,0.0620928,-0.5,0.52439,0.829268,0.235952,0.0745113,-0.5,0.52439,0.768293,0.310464,0.0993484,-0.5,0.52439,0.695122,0.409812,0.0745113,-0.5,0.52439,0.597561,0.484323,0.0620928,-0.5,0.52439,0.52439,0.546416,0.0869299,-0.5,0.52439,0.463415,0.633346,0.0496742,-0.5,0.52439,0.378049,0.68302,0.0755391,-0.552568,0.52439,0.329268,0.758559,0.0755391,-0.552568,0.512195,0.256098,0.834098,0.051203,-0.577979,0.5,0.182927,0.885301,0.0496742,-0.5,0.487805,0.134146,0.934976,0.0277687,-0.647584,0.487805,0.0853659,0.962744,0.0248371,-0.5,0.47561,0.0609756,0.987581,0.0124186,-0.5,0.47561,0.0365854
Type=GESTURE

[Data_1_7]
Comment=Comment
Enabled=true
Name=Page Down
Type=SIMPLE_ACTION_DATA

[Data_1_7Actions]
ActionsCount=1

[Data_1_7Actions0]
DestinationWindow=0
Input=Page Down
Type=KEYBOARD_INPUT

[Data_1_7Conditions]
Comment=
ConditionsCount=0

[Data_1_7Triggers]
Comment=Simple_action
TriggersCount=1

[Data_1_7Triggers0]
GesturePointData=0,0.0269374,0.5,0.487013,0,0.0269374,0.0134687,0.5,0.487013,0.025974,0.0404061,0.0404061,0.5,0.487013,0.038961,0.0808122,0.0404061,0.5,0.487013,0.0779221,0.121218,0.0555329,0.422021,0.487013,0.116883,0.176751,0.0808122,0.5,0.5,0.168831,0.257563,0.0555329,0.422021,0.5,0.246753,0.313096,0.0942809,0.5,0.512987,0.298701,0.407377,0.0942809,0.5,0.512987,0.38961,0.501658,0.0673435,0.5,0.512987,0.480519,0.569002,0.0808122,0.5,0.512987,0.545455,0.649814,0.0942809,0.5,0.512987,0.623377,0.744095,0.0673435,0.5,0.512987,0.714286,0.811438,0.0673435,0.5,0.512987,0.779221,0.878782,0.0538748,0.5,0.512987,0.844156,0.932656,0.0404061,0.5,0.512987,0.896104,0.973063,0.0269374,0.5,0.512987,0.935065
Type=GESTURE

[Data_1_8]
Comment=Comment
Enabled=true
Name=Reload
Type=SIMPLE_ACTION_DATA

[Data_1_8Actions]
ActionsCount=1

[Data_1_8Actions0]
DestinationWindow=0
Input=Ctrl+R
Type=KEYBOARD_INPUT

[Data_1_8Conditions]
Comment=
ConditionsCount=0

[Data_1_8Triggers]
Comment=Simple_action
TriggersCount=1

[Data_1_8Triggers0]
GesturePointData=0,0.0137592,-0.5,0.441176,1,0.0137592,0.0137592,-0.5,0.441176,0.976471,0.0275185,0.0137592,-0.5,0.441176,0.952941,0.0412777,0.0343981,-0.5,0.441176,0.929412,0.0756758,0.0217553,-0.397584,0.441176,0.870588,0.0974311,0.0412777,-0.5,0.452941,0.835294,0.138709,0.0412777,-0.5,0.452941,0.764706,0.179987,0.0418471,-0.447432,0.452941,0.694118,0.221834,0.0481573,-0.5,0.464706,0.623529,0.269991,0.0554653,-0.460417,0.464706,0.541176,0.325456,0.0486463,-0.454833,0.476471,0.447059,0.374103,0.0481573,-0.5,0.488235,0.364706,0.42226,0.0418471,-0.447432,0.488235,0.282353,0.464107,0.0343981,-0.5,0.5,0.211765,0.498505,0.0350793,-0.437167,0.5,0.152941,0.533584,0.0137592,-0.5,0.511765,0.0941176,0.547344,0.0206389,-0.5,0.511765,0.0705882,0.567983,0.0137592,-0.5,0.511765,0.0352941,0.581742,0.00687962,-0.5,0.511765,0.0117647,0.588621,0,0,0.511765,0,0.588621,0.00687962,0.5,0.511765,0,0.595501,0.0137592,0.5,0.511765,0.0117647,0.60926,0.0343981,0.5,0.511765,0.0352941,0.643658,0.0275185,0.5,0.511765,0.0941176,0.671177,0.0343981,0.5,0.511765,0.141176,0.705575,0.0275185,0.5,0.511765,0.2,0.733093,0.0343981,0.5,0.511765,0.247059,0.767492,0.0275185,0.5,0.511765,0.305882,0.79501,0.0343981,0.5,0.511765,0.352941,0.829408,0.0412777,0.5,0.511765,0.411765,0.870686,0.0217553,0.397584,0.511765,0.482353,0.892441,0.0275185,0.5,0.523529,0.517647,0.91996,0.0275185,0.5,0.523529,0.564706,0.947478,0.0153833,0.352416,0.523529,0.611765,0.962861,0.0217553,0.397584,0.535294,0.635294,0.984617,0.0153833,0.352416,0.547059,0.670588
Type=GESTURE

[Main]
AllowMerge=false
Version=2
